学十一公寓[158,144,72,29]
学九公寓[158,192,53,29]
教九[211,192,20,29]
学十公寓[241,151,79,70]
综合食堂[241,231,79,37]
经管楼[361,158,68,45]
中邮快递驿站[361,139,68,15]
学生活动中心[361,214,54,59]
浴室[427,218,90,55]
学生发展中心[394,314,86,34]
塞纳河畔咖啡馆[394,288,43,26]
物美超市[437,288,82,26]
风味餐厅[480,314,39,34]
学生食堂[538,295,59,52]
学六公寓[449,143,67,60]
科研楼[539,212,69,72]
京东快递站[538,148,68,49]
红宝石咖啡馆[620,148,75,49]
东澡堂[618,211,76,33]
多点超市[618,262,76,19]
教五[618,285,77,61]
学五公寓[158,285,72,29]
留学生公寓[158,231,73,36]
青年公寓[102,225,34,67]
学八公寓[241,285,79,29]
草地(学五南边)[158,321,72,39]
草地(学八南边)[241,322,79,39]
学三公寓[158,368,72,26]
学四公寓[241,368,79,26]
学一公寓[158,434,72,28]
学二公寓[241,434,79,28]
学十三公寓[102,302,34,149]
图书馆[437,368,79,93]
篮球场[538,367,61,92]
网球场排球场[599,367,38,92]
教六[656,369,38,90]
行政办公楼[356,482,64,51]
教一楼[442,480,76,101]
体育馆[618,484,50,93]
游泳馆[668,484,32,113]
主楼[449,602,71,91]
科学会堂[539,603,72,81]
教四楼[159,494,160,80]
教三楼[158,718,162,78]
教二楼[359,718,160,81]
创新楼[539,717,72,82]
体育场[638,612,64,211]
邮局[103,518,32,45]
ATM[103,563,32,19]
菜鸟驿站[103,473,32,45]
外卖柜[245,125,60,15]
广场[158,600,162,100]
校医院[161,821,159,29]
小麦铺超市[351,824,65,36]
南区超市[416,824,34,36]
快递柜[95,135,31,69]



